10 5 4

1.9102190333576132 2.4102921252036245 0.18992715033441032 1.865182366344396 5.860802557223597 0.1 0.3 -0.3 -0.4 -0.1
-3.4319952476280515 -6.313143161572654 0.16969941973884672 -2.0856970435528726 -8.123936088156091 0.4 0.6 0.1 -0.1 -0.7
2.0823792624939403 3.7077714675285436 0.2684051475752664 1.0227844836717037 8.916530139721418 0.2 0.5 0.8 -0.3 -0.4
-0.7112067627878718 -0.7514964455571337 0.33062739724934814 -0.9362307786432841 -4.485212797342398 0.5 0.7 -0.3 -0.2 -0.4
-5.023552556033829 -6.785829801152666 -0.20100193420384438 -1.1107743438130702 -7.705374620371117 0.6 -0.9 0.6 -0.9 -0.4

0.2640437582354382 -0.2641093506844592 0.3977163819768141 -0.2203088954535916 -0.1320546753422296

0.13841084369946688 -0.06205836387963898 -0.06956670619139535 0.536064580580876 -1.0
0.5 -0.2 0.5 0.4 0.0
0.9 -0.6 0.6 0.3 0.0
0.8382925465791475 -0.3621764281837634 1.1303189550702308 -0.26405255234671554 -0.3

0.0 0.0 0.0 1.8763217856058636

